
0
0
0
0
0
0
0
0
0
0
0
0
0
0
0
0
0
0
0
0
0
0
0
0
0
0
0
0
0
0
0
0
0
0
0
0
0
0
0
0
0
0
0
0
0
0
0
0
0
0
70
157
140
222
472
587
751
1023
1023
1023
1023
1023
1023
385
640
825
700
857
1023
1023
1023
1023
1023
1023
1023
1023
1023
989
940
971
1023
1023
1023
1023
1023
1023
1023
1023
1023
962
910
848
736
793
825
848
857
974
1023
1022
1018
933
949
1010
1023
1023
1023
1023
1023
1023
1023
1023
1023
1023
1023
1023
1023
1023
1023
1023
1023
1023
1023
1023
999
700
548
430
269
273
253
339
360
475
541
560
619
705
725
786
813
772
689
646
674
488
429
424
330
256
161
103
76
50
98
163
179
277
441
548
735
912
970
1023
1023
1023
1023
1023
1023
1000
959
830
649
505
364
154
0
0
0
0
0
0
0
0
0
0
0
0
0
0
0
0
0
0
0
0
0
0
0
0
0
0
0
0
26
182
394
668
938
1023
1023
1023
1023
1023
1023
1023
1023
1023
1023
1023
1023
1023
1022
944
904
745
596
616
744
782
811
818
776
718
696
708
736
693
689
673
600
603
678
751
791
869
936
975
1023
1023
1023
1023
1023
1023
1023
1023
1023
1023
1023
1023
1023
1023
1023
1023
1023
1023
1023
1023
1023
1023
1023
999
1023
857
723
510
349
628
192
172
87
71
536
331
346
326
409
757
554
475
500
578
878
825
858
893
834
1023
919
777
697
593
756
573
529
478
389
444
199
105
36
59
76
0
0
0
0
0
78
0
0
0
0
0
0
0
0
0
0
0
0
0
0
0
0
0
0
0
0
0
0
0
0
0
0
0
0
0
0
0
0
0
0
0
0
0
0
0
0
0
0
9
54
114
143
149
162
162
126
234
182
317
248
235
169
160
209
311
490
647
742
856
840
943
1023
1023
1023
1023
1023
1023
1023
1023
1023
1023
1023
1023
1023
1023
1023
1023
1023
1023
1023
1023
1023
1023
1023
1023
1023
1023
1023
1023
1023
1023
1023
1023
1023
1023
1023
1023
1023
1023
1023
1023
1019
1013
911
727
524
412
371
336
255
184
214
218
277
294
338
343
349
447
543
521
508
574
565
561
568
505
472
547
506
493
496
598
629
613
523
376
299
216
148
7
0
0
0
0
0
0
0
0
0
114
253
341
364
460
559
626
718
760
764
751
734
727
687
657
575
527
517
531
611
623
670
724
578
441
388
350
306
257
200
183
209
227
228
210
271
427
598
798
983
1023
1023
1023
1023
1023
1023
1023
1023
1023
1023
1022
1023
987
951
906
852
836
819
815
794
744
694
639
623
617
603
567
531
477
501
398
284
273
228
283
416
502
678
802
825
913
1023
1023
1023
1023
1023
1023
1023
1023
1023
1023
1023
1023
1023
1023
1023
1023
1023
1023
1023
1023
1023
1023
1023
1023
1023
1023
1023
1023
1023
1023
1023
1023
1023
1023
1023
1023
1023
1023
1023
1023
1023
1023
1023
1023
952
735
524
262
127
49
0
0
0
0
0
0
0
0
0
0
0
0
0
0
0
0
0
0
0
0
0
0
0
0
0
0
0
0
0
0
0
0
0
0
0
0
0
0
0
0
0
0
0
0
81
217
352
499
690
817
893
931
1016
1023
1023
1023
1023
1023
1023
1023
1023
1023
1023
1005
969
948
980
1023
1015
1004
955
822
856
826
838
717
613
540
418
308
213
122
48
10
192
242
284
258
276
224
237
259
382
376
406
325
391
417
434
405
437
478
353
265
102
75
0
0
0
0
0
0
0
0
0
0
0
0
0
0
0
0
0
0
0
0
91
200
240
427
448
494
516
532
548
557
555
533
566
590
615
628
550
543
629
548
518
506
420
394
370
348
369
362
492
676
839
1005
1022
1023
1023
1023
1023
1023
1023
1023
1023
1023
1023
1023
1023
1023
1023
1023
1023
1023
1023
1023
1023
1023
1023
1023
1023
1023
1023
1023
1023
1023
1023
1023
1023
1018
1023
1023
1023
1023
1023
1023
1017
904
674
542
447
395
381
466
580
581
616
625
649
561
402
227
52
0
0
0
0
0
0
0
0
0
0
0
0
0
0
0
64
108
272
397
489
503
726
714
654
621
589
727
865
941
1023
1023
1023
1023
1023
1023
1023
1023
1023
1023
1023
1023
1023
1023
1023
1023
1023
1023
926
802
718
578
492
379
315
299
267
300
351
329
323
312
331
275
282
279
223
198
183
148
102
70
0
0
0
0
0
0
0
0
0
38
105
154
190
183
184
188
216
238
209
178
152
127
82
47
0
0
0
0
0
0
0
26
48
154
261
306
425
532
603
594
588
662
699
670
708
794
817
795
760
700
669
617
586
512
432
381
370
331
299
250
205
138
98
69
47
11
7
0
5
0
18
6
0
0
38
70
96
113
173
195
198
198
232
203
184
141
152
116
121
69
64
53
50
69
39
0
0
0
17
157
185
191
208
212
212
209
219
275
306
309